Number of examples 53

Linear Algebra
 2.00736355469
 0.217562672377
 3.57676798304
 2.53593264363
  2.95872778602
  0.268189703183
  0.163071631984
  0.224731443634
  1.32333059027
  0.282043877127
  2.49995669758
  0.27407823526
  4.51775352133
  133.062258707
  0.930120155974
  1.51009854475
  0.144632038415
  26.5065444485
  2.42873341132
  2.49453925905
  0.449701344245
  2.62775131505
  0.536673025794
  2.2449196239
  2.9091380658
  2.13373097372
  2.14874011242
  3.94489026141
  0.331547999921
  5.31681726519
  1.11658826216
  3.92859760947
  122.701877269
  141.714772038
  91.7400391547
  152.817617179
  188.110551522
  2389.78487917
  39.3559850105
  77.7365736095
  49.0764319294
  6.69211907729
  68.0821965723
  72.9961624562
  464.081148866
  460.449437986
  157.960280724
  4.81182135178
  46.4128800943
  184.519017396
  317.136887444
  88.5311197448
  2012.78487917

Nearest Neighbor
37.0 0.0
21.0 0.0
10.0 0.0
19.0 0.0
38.0 0.0
11.0 0.0
43.0 0.0
10.0 16.0
20.0 0.0
10.0 0.0
19.0 0.0
109.0 55.0
697.0 316.0
1594.0 1371.0
13.0 83.0
49.0 38.0
21.0 0.0
5.0 63.0
44.0 0.0
7.0 61.0
33.0 63.0
10.0 0.0
24.0 30.0
17.0 4.0
15.0 39.0
17.0 4.0
26.0 42.0
10.0 28.0
12.0 1.0
10.0 0.0
22.0 1.0
24.0 0.0
657.0 434.0
660.0 138.0
640.0 417.0
681.0 300.0
1024.0 643.0
2770.0 2175.0
501.0 278.0
771.0 548.0
823.0 205.0
163.0 38.0
296.0 85.0
402.0 626.0
2283.0 1902.0
632.0 396.0
737.0 291.0
621.0 398.0
839.0 221.0
1137.0 129.0
1656.0 744.0
1052.0 24.0
2393.0 1798.0
